$ANSIBLE_VAULT;1.1;AES256
63663135383365386332363934333438326636373933613838323731376362333736343432393138
3232633431643830396432363839336366656333633065310a373231393138356537386465316362
38663130613633653161346265393736363831663166313436623561363737376238343366626261
3466333036643733620a366238353965383233333563393133346236353930313032343061323335
38356338323764386165613866656235613032326538653532353264366636363762346661343435
37663130353963366565333136633032396133346438383739366633633834623538366431373234
38343365313035366431336334303938396139363338383633383737326333666332333866663063
65663165386562613236643035633132353033363363653236313865313265373439373735316538
34306533613765643839623162323033646261343437383463356534376233386234363361623839
35343266343535633364363839313365356562316236613565393535376338303130383863343538
30366131393832623438306435623863383662653135333933626466303234613436343336376135
64633162316463636363626632323331326238666231663632613138626432306532306566646230
35663061396361373136383237376338323636333439376165636430663761353731343731356463
61396461396631653334306430653164663165306231383761653762303863393733393131633332
38633830386338336633633463313036373865623436326362613734376163346138636630366461
32376333343465363865363130373061643034356335653535393638333734396231343435623731
64623934303563383865326630653764396436623461613635373231663432303136373639646561
32313135323434363037376161326164653363326237623064616466303332353664396139373132
62313735396537623965306436393532373033306332653165396332623135366534393331613736
37663962326331346366653239646566303035316465363933373939393237643763323337326431
65323434616432616530653333616335646139383333356564666436376239343561653035646131
34666666343865363364323236666132616439343131363034646265613433316534303432626139
35316334326337653635336565663065626165343466663461393936356136343764343761383433
31336233363061643731653438323964666366336131613833363933613162393230653030663030
36376262626335613735323964616333333434336438613037623439373333623738626339613135
38636436646563636636396432616531303466393536316363613464366565383262303863303239
66336465336462303035393136373839376164386366396132386530616365636333353462343337
62303862336265633565653636323133646563303432393662366534663839356163323937306266
37623730366535353465343163326430353133346231626234363639386132666534666533316232
34363639313736633166623639303138653338356230343232376663656261356335643263653635
33393437636536376362613535653235653133666534333230373538653165326434653565303030
37333237303464636534373365626234333466306664656237363931383636663935313130326633
64626539633135376164353433623366626235346265666363343265663532386232653036323561
34623035326265303039323737373835643165333265393232643737663963303437366635626564
39346463616562653061303564363038316435323864633537643065643664396533633432326536
33383734386637303863663661653032326164633130623434656631393861376335363566336131
32643134636230386364336531626665303265613465653962343036383136346133303436653062
36613465393436366261623633383938363639366666373032366238633132353665303332636433
39323461663639633363393762383163633664613132326131663634316161383830666365313237
64393565633465336636613563376635333735626332396264373532336163373831363165616536
63653864643835393036383037363537653861316638616538316338626436396537363136313762
63313838616166333732643534626130383863383231333864343234393263316163623966366132
39336433393735626362643137353634366632363338366465363035653133663665373439333562
39623166393565376439653338623666323835306230623830363131633237346530623866633432
33313864653534376138636239636334326134663335303932333263383162663063356435323361
39333338336265373837366132383830316431613262373932326238613762646366316134656539
30396263386436616661386134373861363534373062366435613161383632633533363535333637
38376532313230343264396261656632643134646265353431346664353834313836613564396534
37663563363961346134636437353938376130366532633037623833633231663134393538623536
37316361383439343963626430393865396565326432376136663736633332636663613038613064
63656261376562333432643836363930336437626234356535666631323937303537663962356530
66373765386235633936383432353436376139383730623765393264363664386532343937323038
34646430353733363037313636393834386330303361303565653263336637653834356661326538
31306334383534306332303638623661373137663365616234633661353966333763623438656139
37396165386262376334393462623365656164346562343262623530333136633566633134316532
34623730336235346636323733343836666235653132316237646339653761623763616666373762
39306333326364376135343137613965613433363064376462303333643963656637333838306534
31653737356166636531326637393435343132333838326462636565633561353936316133653035
63643839343235396564396630363565313463343835316337363262346261363561646433313963
33313638383638653063633533636363633836393934343435653630626638666564356139653333
34663134633863316137613130613935386464313331636630646165633838343030316336636439
65306264663737666633396132353837643962363934316433346530333864333964366539353930
64333538666362353131383266316634666138343533343964643833306463373666393932666133
61303231653335366464326362353431386130393734303736626465646466616462646462386433
34623238323731653263346336306434366564666232333531363135656333663437613662306265
65353436383439343633306332363231373631613363343034323331346337313138363434643966
31363332626565363235646636633739633562353837393831333963636435326232336436333638
34643564383637383933326164396132376366306665333439343264373837346662336230353532
64613537383761326265643761623638383932303165646533643961656238376337623731393332
66353136623065333434386263613334356639336662616234373430663764373834626539343064
35666662626239333161636161663638326238353739396134656238386234656530313834633863
30376164343364613361643036616361326637616439643735363766363033633962303762383736
31636638366238363763366365313531353038663065363733626163366432373435376230653361
33343734393532303731636633653131353334363865326562346331306265393830636539656339
31386430623562386462653361653436373731383433346134633230613765363531366666646130
66326362313065373237386463663364353563386636393637326432306136396630633564386462
35643863613834326337323132356166363966313730333863346334323563366261393938353861
66643536383862623332386437386638323233323433343563336131323266343434303531383761
34383839363430356238383164326665616664653963616236356231363331383239663335636265
35323662303063613661663636373536373537386364306232386661653561336239613236343636
37646464633261613533616233663838333232633163393134383230333538373835363939346331
61653864616130653466613835336565616136313762336363313635303364636532666230353033
39366436383635376437633662346139663134623336393136306262393933613131303061323235
35613637396338623364626136323365663239396334346666303638336166636265393837346237
65343938653937656632313233383739306265393134663066336636313835666561353561613361
61383435343162633831326366663266373831353437306535333362363839366366326533373537
31646431373866623163343032316234666636393434326165333963336132383437656333663466
65343338336535613663396532653932396538353039663163346234323937633137643930633632
38323933333637626134393738336430386331343438636163346534653266336332326533613333
39343234323463343133346337386666323337393938336437663163346563613164616132623532
30666230656565626365626266666430383663616135313038316337646433333235303833363762
33316366396239336364356430383138653563326262306536363036376534303363663137363030
63626632623661353132336234376161643561316636353030336437666135666365636132383264
39623666383662643261643533643530623033613065333532663164353138373532353438626434
64623639366262353438356430653661653463653139373966656461653962666665316436613331
38386532643037353737656134383635666161326662646432306661363037626436613033333762
36343339333561336535353530666338383564663863366464613439336339666661356463383665
62393537393236386562343331636462356531316634383662366636616532396232343561653265
63623962633039656663383135393765653333663365306139373537666262303662636639303631
62663265333239326662363036346361363630313563623333336532376139336535653363386539
37643434356566346336383265383538656162633566333365613838363332363038336666313162
39356465343332646231373664323264656632633036323334646466313839373532313432366135
63376430376230613662363961623564653331623233316433363766303366366561363739356235
39663433323862373132653831643066326363663033353261653765306635316531353131656336
63366364326665353136613030666265313833373139396635313366666535643061393833646439
61363463366562366531643563666134376361363436396335303637376261356265633566336133
39653937383261666634636261623433396631616337356534366438393866303664343464343132
66366364316231316634303434333639613337336239336132623131613062656465393937663636
62623138623763316562633136313061626535623639343162666239643938353237326362333937
63356333646665393164343739306561656165333061636333646463306665663662663834643363
61313237346530643264346262333264623464343266373764663562653462376261653762643764
61366538336539616238396435353333343837653465376662613462323632613433646534316130
37326530653839633961323834636333616166663566343462653533323835353464646430646237
30616362613365346132616437316662343239633534323666303937623563366530373362363734
37393330663162343161353862376432623535323333636630373562306634316333363562336431
39396434363066666533613734303738303165626663383461356237366431356138356464666639
61376538373066356230373333393035376265633863306435613732623737623965623636333663
65303461663665323339343732656130643938303332633365343537633934326263643432376538
38366236343363396135383063633335393831626266653864666238303632306633373431356137
39336435306632653130303638666133633639383831313061623436383166343435363263646531
65383530316362643364363561626538623438613966333337383036313966336462623338393463
37613563313033643361343364656432306130383965383239333630323135653162316664333365
30393139363037343031643237303836383631646632613836613366393430616363393561633934
63353630623833666238343632636239313430316536396234303935373830623265353663616664
32353739333564633233376165363735643666623665623861656533666162316335633762333833
31383163393061666534303632336465373838373834393933303633323737616534306238336530
36393961303637666130333762663765386661356365333162616236326664313263386538663338
35353333356261663130306231653733346366643138313532613766653231613262366163653334
39376334303436613337343937646637356465343531356464313931633830633638396635363062
63653235616265333663333964333162346431623634326231663465303632353662356236316664
63323336316235653231303663336530666632396536616161623538346562353063646535313032
37613436303632396534646533313837306263653063376466356662646433666633313434386265
35636463343732363864363663333831646639323762643032663039623961616430373431653939
32636563666338366363333964626434653739386335653139626231613836653036306638616230
66616134646536393233323834346165316266316139353063343635393561336562363064343235
39313339653963313864316637613238363037323533363134316663303138653064346339636234
38316130613035393935313836653432336564643666363434613834313762326166643462313464
38616233366161353938323437336463373933623231363264633130653436613965376639653835
31613830343664646531623261613635363837326434643636643731306431346636396136653464
63306237366330643731616239373665326134646664393332333636333665633334366532626264
33316237323862663734623632643135306263386464336466393335376262356338346365373137
37303263353332633130633532623631373964383736393431313264376231646330326439336462
34663139636665323234306238333165333235353738383863386332306535663365653763623266
65303762613332656539336334663339326138316238653234346233376137383139663233346135
36363232656635663139313662643239386133386334623461386564623333666464323563363030
30393435356636663663616437336661626636366430653664393335353466346236326137376265
33373563666265363334393563623635323239346666343830653235353362356661393533356336
36653361653630373230343739643264623565376439616439613437386364336264353564636434
62323439326339363730343934373763343863643433636332303966353962336437303136613736
61663832353939663134616364343539376131376265333736386337326461386232313466326333
38383933633337656665336462646536376265313766663838316234616634343762613434316230
38323762623538373234646564626533346139643637396461376163313532383232666261386336
35333933643465303139303162323161366636383730636433663735373563616633383661393133
33363238636235333761353933663437316638353537646339366333356135633336613662333761
37363634653531313665336231356336373831623734303765656230653163326632373439366631
31333266393235666466356266663836623066666432656339386439336163333364616536373066
31353439343464653335356161353365303462653035366639646164633938366134613562623432
33633338366362663961313636333433653262613432303937393834373539306639653739313265
36313435623639393038326261653364336230353265653163303262336333636463323638306335
66663761653932333237633730383261303061353864383333633630626433333138653834353936
38633935336361323539636466353637366561626336633431393235336364326233643836303138
38373464306662343239656133323435313264623935306630396336663930633830623866353532
32323730363363626232333135656131633036343734353838356265383432663333316263336237
31393838343064623538623430613037376539666435323333353238386435383562333934383663
31623937356530623333303338396431363535663031323737386339356231663234633931393764
31663832363232313964636334366130376662643764373233373831303266633236623565613234
35373935383265316465376130636665306637306432363538393034343063636665383230663739
64336364623734623735326534303231313962356536383637353566336465626139636436616462
65666661306563313332386335313439323935396262663138356432386262393437366561323634
66633034353961383961656134333438343538396534343834313337383665363033636536393862
63653366636339643466373334613066326363316132373634386134393535663662613831363563
31366138376563636437616131323464383465613931643233363638343236383935373930383565
32313366336235303139386637343639386366353231383832383434646464313663643861303436
30626131303939653932333032353563626564303763656132663765326339366362653763323832
36626237663437313535613365353035653934333938613132653866633939623037663430323863
61333336393431303736643965333935663732323133653965383065353462623338653661666430
31363231663362396561383162396132623830343264663938323236353336383263383865306531
63613337363862643835313932333432633933646437343038613533326332333261386131306236
34323061666238613736383730303062613134626465373064616337623135396233353266333337
64366664353239343239303661613338373666633166373339346466393830656139666639323861
39636236366663666363386164616130366331333366613834393436313234333964626433353266
36616431316131373534333831346339613831653464373962666330303534663030666135323965
62666138303934386138343132376262333665333765333036656663663263303363376234656633
36303737373566306532393066343161303338616237383536306565656461623566373130646336
38303339373561383434303862343030343734373964343661356330623833396137383764386532
64393634613038613461336133626266656231663239333563646133396239633333326432343936
33383065626233653932653564643165666564323833373765633333666239393230323561373436
31303338376534303334613561653766663864383335336230346530643066623732393135646466
36336133613962376563346337653139306331663038633530663030326636313561373036363632
36313131336663613735386564646362313539383762653338653537393065323030613034323938
35646335656662336333366261336333313133333265326132336665613835353965663434363635
64616334383664623362653234356637616137353562643762333930373134323736393639663533
63333362313430356638323238376261306634373563323238643964383537633539383563626462
33383362353663313461303061643238646162353561363839613963386338303833663634353630
36643731383462373734643135653231656631623166653063306664326365363535313265653963
36383732323061336261386537663834336365666430393263376134326230353532393965663665
66396437326331623739343038616162626437613333313730646261303639343266356533653362
34396631393739383263343966633833333230313538393663333938333766656231326536656535
66353862306631343637323963383962346535643734313465386463626432613434323365303861
37313664303063613431613130323265383661626135636633656263383263653136333038326165
66336239366261353064396234306138353831373162666232353066373563646561653333626532
65653833393866353063383863626565336239396430633630666461363166343661386135373161
65393966393539643461353763653466356632636337346564396338626666326163303839303461
66356338666561636163326231393738653661376266613861323764353834636435346165323831
30666131386530313462613062653365313865663734313436623631666138656365326135313731
34343531353538323861623639383239373330633236636466343864356335646163353262343562
35646236643330643664616461373831313938626635336362633836313835613864653937316436
65323931323338316464303336636261633635633065646264613236663330333565653837323832
38333535303963313032366436353135333066376362373531666338623939376338636534616563
30646564316563346433366264323035363565323663323264306536346464663666353038643864
36623966346339323839383734613065323461613366336337356664393436313866383534656237
36366332373764643734396230336532643665333031646266386133363232626330383438343236
65376136343566336462393836623162616238376465646430353362363262666635333437633439
30316637326563623766356332396666613265386435343834633862333331346634663662623538
63626338336238663334373839316366323163666565653161383663323064623039613464333932
61633434346436333934353033356331646235346339626439646663356366633364333234323636
64386534643136353439303464623932666434363763643730656266343838393239313536333132
65326265366662626538316233656533636264333434383039633261353961303234653139363965
37393439393433656535336234663331393631613830633637393061656435656631326562396330
39643065613235653361353436663166346536613661333164633832633061306638353965383035
62353536346533326666623139333065623734323339316163316337303937393035323565326332
33646636636566626132333332343665653462386433396464656138306634363039623432313832
30653061643165313538303166333835343538613537633438623263366662373761353338633538
36663436323234626138346364336135666433636534373134356439383063366231366633353830
37383630663233663762663534363366656138363966373734313032306231376461323037616132
36656261386335633131656463366230316162656635383738643035646531656463363434396433
65346131353038376565633238653539646437303136386634393862646564353930313533666530
36363938623339643934396233373330626339663435346237303334303364356434646161616132
64346231316166366638303831383237643861666362613431623764336332373337643863313265
39306365363531336138306563316236306465666562356530626430333635393738313032633265
35613766343930663862356165333830373637323934666330396564373862396535373339396134
31336332373939636637373364646334653734376231353564383637376464346538333438363532
32363236663431363630656662616230356338333665366538373832653361336235656261363963
63663531643834373261373833326639313737626232393639316137633861356337366537643633
38356266643166663463343032323662336366323032633337373766636665353962366561376339
61663631626238613739313462633866346434353061613236373036393961633734366661333137
66393832363138633037616365316233613961613332376132613662376163346566356235616461
35633434396530393536366238653035396238613537346666626234323438333762613466353437
31653531323534366430306133616364643930353861633635393836306435623161313933303865
63346236303364646562393236303238313966353730363532633133323863373730396539313166
37376632326136386136663963626437373665303761623931366665353766363561363333363331
38303865383464643965343336303435666164323666303165383762353630366665616639663031
31653262326335386234303238613331326636646261326138333739303236663238376634353733
38306631663338633232393463373134366634383064323039653334663761356331623438653861
64303832613066656433613565346461326165386666663264626661336565306431313132313034
63643434383365303931653538626561623131373665393430343131326431323536316461343464
62353831633962656335323835653462623961346562313436333730336663353632356463356463
66326565326332373436636164613232643865303732633231323434323661323735643135366632
37373936313434373634613262646532393338376231653636366538313762613835373462613639
34643261323565323361303634393064653234393031343631333462363064663963663864663934
35373431666439333631616132616139313961373766333666663330333363636363386636663362
38336566346363663564666164346430353965323532383638346531393935623039623837383063
64333834626463376664663636343033613262316164393135343833306538363965336332633064
32646365383733373137396261353037316639666332353034663036636465386230636561656132
37346232646634343738653136366535336334303334333436363330303331396238613138326465
64393632356430396337353836356331313064333031626664623864663564663536366533306236
61666666313164306535366562656232646666666666383761386639383637353438643365656464
35323161303731306634316333613232396434353561323239653235643730356364383736666430
35326264636166613337613739653631353232313233393465663563366637363338343661396430
65306537306634623932656534323236373536373138326362366238333332623064343566383865
61333235393364636366353765326230653233646432656635663863393162333539313861626531
36346134353536353136333464316433643837373136663366633565313533616335366635663730
36653436316664373037643463383461396335666337326237306330393466646336623564643361
37616462663933613131353036393835323837346434626563396631303830623261333330363133
37383662656362333731323839366264303135363464333363343366666461326132623064613662
30633264383535346639326335366537356361356538313237366430363865643164393933303832
35323861366331633138356338356432663136623430613237393532353764643866613334656432
39316662383665326230616334636132653963303439303534353261663764356333356163326438
65326361306435373132336465316166656161643735396135633934393633623139363231623538
38653361663836333638623637383033646539383431323036303635316637373061326565656139
39623133616263366131306536656538303731656433656462396138613934313966336430633563
61303537346566393231633665363435363933343265313037313436373637653637643935323965
61353136373862353330653364666561646262343834643934666337663466663737353365303935
31373762303939663830336364366534656233303761343337636339393735646530653837366331
62323835373933396137626538333063663036383035383238313536336437633836626166643866
35393938626237363434643439626337303461613131646332653761336562343463323937306161
65386439313762396132386238626338623937333262396165373664343833356333346262633731
34663966613165616631333431323664653536303734346632666666383964373638663661303862
66666464666361653466373733303137373562396564653866383866326661376532356338626232
33633862363636303839643734613638343335306533353730383634373765303330323939313238
64363839663234343231623930363633653235386261363662623837633539393835386564303236
38636535653065646265646536636136336336396331303435316136626337633362623137656566
33346562323462333635306433376466613934666462353464663263393831666131663036356133
34386265396539613830386264646162616131313335633338353234363737363961333134386538
35343965303264386238316137653265663531323031323433353536386632393436396634663361
35643838363766633163346461353638386137383531336464393665346335343166343730633662
33643132363564343763383664343632376563383734393534626236613235373932366438306363
37613065643363386637323665653965663936396532376164663664336362613732303336383661
64616234333830666133353664326232396534353031343662326665366335363530646263323238
62366632623637666363303833323735343066353833623633643830633862393234623735346631
33346634373062353165623432666636663332613134353465363030623766613833373831323238
66366333393233336632343762316563383633393539633430363837313561336237396437343764
61663139613361353739383861393832663765356564353764613561633662343239366337623238
36323838626363643564333339386563313631636364306139326161306365643139333637633639
39343562343637633932346634373461643865666537356166323438613164363537373766643264
32366331666532363835383037326435353334336638623665313062643261363138623237346431
35333061646230333133663736353736346435613134363166323438346261613263333366643139
33363563383961353439313637376164643261326430666335343034356463303464346336323836
34616264656332383133396561366335363066326233323039663034356336353336393632353432
38653865326263303165393766333237636334636461313165306334663036353237373137373930
33653065383263343661633564336336353862303236363133313233616537623030656363633535
66666634336533646234643036656561303038353635383737306339653939356232333336376137
66636131376363376534366262303536323365373137626637396539313031326238646133333538
39643465616338353235623762653466346436383333373465393237666436333533356335363235
33653336623961636237313563626539366237346230313265366264306530346463616638383333
61656238323236623462336465366536383532386161353433666162396339343331366365643033
64393736656166306436313136376233383235626436653665616265636130626133323732656330
63383362656237333365303765613766356461396539323837343135363466336231333865363363
34363837643935383839326639656563343565343231373463646165336530323236376439353336
37336134393362663437396533313762353936336132626330383332633366616363333436306237
64396531623735323064383535353334356132653738363738323966363432393465323035313337
66313737313665353733333130356638383432346432306530633361636634396564316462393765
34383638663632343961663130663936353338333436653961363361616265393635333339306336
33343932333861303065613033386538336337336133306635656136396637636530326235333837
63616666343937353235363934306363666431613664633831323834333661323332386235336566
66353135666462633536633762333433393430376634643738663633333431363464356638653937
64353933646334386562386561663139623263393563623861643439306334386239383962363163
32646238363766353230323335663330623662313637626363316131343733633135326131313862
33613933643639643033633931643236636538363965656563613235653831333564356132333130
37393936326564313938356563373330373236353465653736306239636331343362316134643765
64656462376336656332666366393066623333633932303133623530353030633564653138626430
30646439376362396263343835393065386531396662663934633730356634313139646231313463
65636232306131303462623334613730643930633031633935643962656539343863313133376262
35376461353862636363373537656432353264616463313331373566643537653133646233343030
32303364363261343462383864646462313639643033663037653130323132613034326361343934
33353961356462613965326230613032656561643735303631343030353061333837666537336364
66663936656337616539363635353638373636343336336461636663386534333338383039326532
36356239636664353063356661393833656461653531353066353531666239346261393936323038
34666561636133363839306531363762323632633536633037373864353136333361363239316330
35303231666133373039636132303732363462373432633137366465373035383066383663623533
32623035343336326633383331653537383765323439376134656464363261343036333837303438
34626462313039656330333439616564376530383232373463333564656331646632366566396533
37613538356162353934303235396465383263383864336437333436333233303962613365333737
63306263653063356363326364393634343632326266383235623230373232613538346461616363
64346261663737393166333533373765363665303334333232653630643466613734303034313837
37376164303865346266356161363832613839313064363265613033396439316537666636393266
35616465646366343832613039623832633435356161646362303062363133663737313433366431
66336162306438366262623339333731373065313161393131663363633962656239353737656632
38666238373463663034343238656662386232613733393461396565646533643733616436366332
36656232373336373635373935323939366363616165313436356131366634306539386666353736
35363661376534326133623463323162303136656534653836383039653664333638346631363765
34356536633730366265373731643933366135366336643032643265316538633763383838383933
32343530333738646534633533363137623935323131346137643031363931646561616335363433
39656663613737653461626339393432313139366134633333393165346635636134666533303566
64623538323464343433343862653266346633303938303232633139323866373536353834393933
39353133313961383736313661333034313534323736656334326333616631643763626236646332
35343365323731333261666334646562303430616538363231393838653532363864333735356132
64396364653037363161343965623464663864336230326538626436633164313839653833643939
65376235353062383262346261653433626639636132383964353637383039363137623662636561
36636130323339373365333161313435326166396138663337623161343761393130383331623336
31646439616565656534613362323938663939303838623334643963393266326335626535613031
65613666663363326166363063313733396665373364363663376435303164323835616238663938
33386361373431623233626630666636373861363935383265633933386634383830666530366363
38616335336434363937616166656238363264616538366536343631653430623735373635343336
38646331636666373936313161623763656430306633623333373131316337363265396334373835
31656536373535373562383834336435656331633264356362363964323764323164646666623239
30623133346131656134336131346366386237393738306530393133663264356361653966323631
66313865656237313732326264326434666435396633626161336134373932336631303935636563
32363863356362643062376134643666356463623231383662613935393632383532333832313763
37323037333837623737313765636334333130653131383939373337366463306334636163633338
33313661333939363865306461393837353566356661316163306236666637326332663735386430
34343731383832356435393361326235356238393966626536326635316663396339663863316665
62343366353361623863616163306461393962313534386664323961323430376162623365623862
30646336643066316138373130343835396630663061313530656265306136363265613964376665
37346331653837636262663536323064326635623937623631356563623966663334643936353837
64343333663961623835663439343564306165306631373465376665666634386139646164346165
65663333326432633431663464663632636439623661333838383862626338343666366133353663
31373936303365376538323763633266643535336638663936666665306666623437356537643134
37353238636238336135373731326561633631393236623861616361653134613334366431636333
61396236613338663663333434393834663465663632373338623262613738336533346439306563
33656332626434626666653561643638356533363130363531313265383364323339623966376465
65353135303432383465323038373063663735396532616462333938386639623231636364643934
38663738633663636162313834366530613364633864356335343662353638333462396230626139
33326163656232346364316536396338636137623631333736396635336634353638653639343533
34343564616637343263306436616531666231653563386561643235646436623261643962633333
39373433643337316339396436316163646436333462346630366138663339623835636638303037
34333362663565303433306236343237313964633030333064393939633863366533383834646165
37653362313039396262386635653439346331656165313335643734323263333763363365633862
38326630313034666166616238346236363662373036613665613561656137316361373530396664
32313765366664373539366233336463313366383066663734356238613332383331623832326434
34313539393562666266653035343430346439623662663733383030373235646661333264336362
31373762623964666539663334643138363564613961636335386439386130393837373838643230
61376636323335376334613064303964396332626366353834363736633066346466376365663463
65326261643636306337323031323237343939393161663334626637323431396333623631626335
31656431373633306538346661323533356136623034376264643035373939656536653264353664
61636136396131393533643464396534353236373464306637326361323732383437386430333032
65323937303934323938333037653137323036373261663466646537303166373835376136666163
63626331393537396238643564623433626432346336643330323236376536643562346363656130
37653363373830653231646166663064653161373664613534396634353362366134376230313464
61353066343236666231666535363730623734373966326536393063623465376463636564306139
34386131306439633435363563666237623934643666623764316135306464616233323436643930
65653936356261303336386337383535633037333338653532663964373465353739376337393964
65613365373662393466396666323966316639353637313133346233326235366562653431343763
61613238626337333436613438353934623565323462326538643662353036333136653662353633
32633435353837303464313933333239366139313936656532656362313833353237633434343531
35663662613664643733396631353564623533303861396466633562653130363033386564663139
30333862313231616465393530313537346436333433373531323361663564373138643261333333
63393761376531633734646131313261363162666361333830666530623462373466643934386565
61303831643161626233343738616339613032326263306135373334626465353962356337356334
62366538623334656162656665306633663231396339356632303061386262396535326166313737
66333066373335313234366164306135303138656337386337663164346434633135656635366537
61353635653837396337616235633730323134366337633239633063303763366233626330373161
32623962613937373334333833623062616337623431363835373862623235303234336465303930
33323932333061343963343039326463383134303666366166323633656635386662333062616331
35373737646433653934333535346163613463346530623039346563626335346232363238366238
62306634373839633032323632393932393630313336306561353562623965323934356138376430
34313837633632303537366464643431396462363739386561643864643237323062393032346235
66386530643337346266373664363565376436303232346534323939636139386136326638333336
30333064646364363131396665353333303230663539393264373061333530303965396362343865
31656332323264303662613261303363303330333233383664633435656532643137326231373133
38353233343937346266353361393730306535633232313864343463376634633630636133393835
35383331376635366336346332383866343439626232353730363366343762303661323939356433
66323866366463376565343538623964643230363135616162363531616538653866313862653731
30616566303738636335616530666533376162376563353037333833643538616136376434336566
36643730373764373766356134363237633331313030333137376565383933656637316239336434
62313633393834666338623238356130353236373166643131373964646533633066383533383233
37313836383763356539396262666564656465326330626637393866396462333136363333633532
66353965643935343332336566623433613839656263376165393231353463393162656363333731
36333336343431343638346365346136636633656361326439393965633964323437376331343364
64356134356536326361633664386533306563313035353031393663363362623937336336303436
35613961623236396537383466653965626232646637663738663733643662393737393230373862
65323135336533663030373565343135306136616163376437376434633635303833313361643234
31373939643034373936343231643936643863313264636238353230383738323932323739383431
32303761373063363430393139613964663566343062656238343466656531623539346263303630
63623165643830613430653663643663326436326463653965373365303238663466646530386264
36366330376663303235643639626537396662626464376664363231613030663831333439313830
62363635656564633530303332313066376565656563663439346537376231663239643061623761
34346265623937636265313031383362353762393462383836343130626365343262313031373564
32636233393836346232366261643933323535363236623163313635346230666333383566333563
33336535666236383431373438643934396463373461313631626333303362636330666362393831
38343261363664316335303239656132616139303331376234393561623365363863386466613966
35623263303563386238323934373230663639363039363264363838666435623064373334313138
65643435666561616630636339396336376235323439356432646466613163313161333964303665
66333138356130333532613034653234643131316361623837633432636134663364653938623633
34636430353764643264306638383465313137303234303131376366626462353366613364613464
38346462623561323563386233313664363365306338643738346538323530366562313531336666
64613764636137616562373766356534326465623435653434303364336532666565396265343466
30356264306266633036323237633662646536616564643664623032643763363035326437336137
34616431616338343163363837383030303637326437613564326530646436373866643737313335
35613666343336343438396636346366333164616133303565343433653030343536373964366464
61643664343339373030363632393061343662333664346266313738376536386130316432666332
65356630323963626262316438373562336435653562303766386134303235346564363138663736
36666265333862616563303939393031303633326336373539376664333461383162303431646230
65636664373462316365353662666164303265313063393761343538343730633861386565333263
37333335396430323434666365626466616637623562663733383365396139373662633165616133
39353163333830326563383630353163303339616135303131663962343063643166666666383036
61386532343436663337306461366464366563366339353936353537376338363561333332623861
65363762653934306439333335333530626362646131613937336330646263363632616238646639
33306462386436653463623762306362313766636465633861633566646532366134393463386461
39643537373633393333633634343733343835616332613831383632613931393632623835656263
36353366336662383164646634326264363661386564343733336430616635643339616163346364
32366333383934366665353162633532623930666666666536663532626138373634616266653938
36613034303462303332616539663866363736356266373832633036346639383363336631616165
33306331303731316536663535643635386264313539656438626665643061333635316433353631
35626566373631653335386339346462383630303336333563663066666265633630373333303731
66353239313033343464653939363734383662623663626462393132393536393263356461313136
66646663613063396636353634376635363131323562653365396266626530393432613338663637
38376134376537343137366431363739613565663439326333626631656632656332303537373032
35373162663131353035636662373864353537663037613564393837373064326366383766623433
63303635393461326430373330316661616233613836616335343236336464663330626333366336
32666439306439663561333731373039643863306333376332383537633235663232303638626462
35616635633438383361396137626139336137363466653134666162343739633334376632343962
64313039613735633639663263646463636166383666306131386563346330656532313963633961
35636331366436353465383030356431613735376361616635306634616131323530306433613032
66383332376230313333653537383834356331616434636565336365393038643939333563663963
61373865663539356337376534323436616436653562376332333439303231616336363331346530
65376138636461326663333261643561343039376638383236313934613330366238393838613461
37316431646530636134653662613534396537333535376531333530373338656265383262626135
65653839393838313065313138633932623734363661333262653332623533343364626262316231
36323231346335643662333630613765623961643262346565646431333065316530643138313839
35636263343738303437633736636462386533386261643662663062656262383138393732643839
39623537386530303233643833633762383363366162646164353765646164383230373136353631
65663931636230386663343763313734366330323735636130306339366637633739326238656431
32646265656666373238646334383636373866393933636463313135373766373033393033656533
30653832363239653865643638306631323437306131613934626139643962316530393333633166
62393633326433326436353435663265323839646539353762646133336235626262643738633037
30393130313963613430666664376535383465663032343238346264363435343934656361333832
30356234653531353239366631633463623331616364363063306366656634383230303661623939
63363665653266363038666263396666353737366239326639626538393938393461663731626632
32613733643462323236363062656164643437333263346234366533323333313737353261353938
66313862373735336464333662323636666337633337623163323962333565323466643934313561
39656165343738663135376461646664333535663066613364366339336261353238373238663236
39373530383231336164336266353935336633633530613164643966356534386164316137663462
37643337626535666133303063353061663839383063353735643130313135623437343136353566
64653631326339393330636261333730323135303937623938396538333663646537663936636132
63326530326536356533396661623331306332353032316665303237353531356561613165393232
63343535613365333464343561623361613564316264613764383536333832386632663065333839
62333236373836343334636530393935633065363963653634353361363433633162333637653638
35336662323034616434623465616236306539366164633863386539376663346635303866353133
63643836626135653965623637386434333063616539383337353932356537346636356565373833
39653739316463303335313731623539346562376231373433323366353836323532666566656162
61336261363564393866333734633963393439353737346363646264373163306562336237636464
33653265383364646432633064633835663632373539653136303036316532396666626537323064
61643337646135376632303561396164636332633835366535313462626463353464666665373839
37316234613566666136383834393963656466393961343031393966393465363562626139666538
36346363633265393862323330363435306566323430326537356337653066626439623238386261
30613761613364313030343462326631363431356138313665633636326137353961393963336439
63633431396331333535343563336563336231333666636438666366396538363238386666353661
63636665346235326239343665343665316362323165613563313239616533336432633364343866
34366539336464393237633831646631366235376562656230626338356439343264343366393939
33663163363731386536666139306636666638376662663461353461376432363233653336323933
35353865343264336636353933373862303864633732363736666333316163663061346433333033
37653432343666636338383835396333636232666234386562323363623432353031356464316563
62343664656261306264303465316431643066303963633363353436363664333431346636646434
63323762303638646463353130343131613463383236636166356162316262323435623738356461
31316236383661643361313765633365333031323531306130303363636233626131383136303130
38663031633335393065303434663037343264663263343730376632386463396132643865313734
61386631653835623438373434383363373333626432303937353035313932343936353961656430
33616433616461623132396130393338393634326130393735656461373065383264306135623739
37373161333936376562666463623730366535373035386363653630653061336539306330656139
30383666643238333730363864346234646238653330663937313766323931616232613762363465
32356638616463626563373838373764656539363832376135653162633737313333353235663863
32393134396233613939653366663963333466373634653562626334633564326331383166393761
31363165653339303761323032623165353361366633393539323464396136626536393464373437
34646265643432363030353038383339353838366234653039616465306632663035666463626634
64313430636466653961346464613536363339646361656336623866306538663539643537343031
34636565626661313366666336396437636637643334363136373463336232623866663334376664
64393136386230636232393966393830363030656335353861303865343238626433323863323236
61666534336530373638373734323965376430363831386435346530613332363565373762653735
66623437313563386538326632303535306366613138383663306462663638343365326334383530
39623032373736303765336430653939386430623937653165363936636236373132323763343263
61623537313862336364663234393537316635346261646561346235363134376338353365353133
66663239386463383465653534396636336134633738356263643336313232326365333132656430
38656237663239343032646131353661336565326564646566653937306330666336663137333137
34333136316135346463313139653930316132373632316132663431613739373163653334376530
39333062356161363466336531393330326564393731643965326166373064393365306461346431
63626561663130343932643039353234653135316261373236383762366335353764643532316434
30653934623838376531373031633363343830613735373961383461393739343561636139613166
34363133666136343733626466333934626334323832303037383430376335653538656330656233
64383664613335343662386665333665613236613963323838323139613934613264646230353932
34316239356234366664303165373236626565386233666461313335613930653962663962353630
38373836396362646635643835366161316564616539313237616265326138616262633430313264
35303336363335626330376131613030356639613566336231356638653035336630326333633835
30383537623531336133643935643466656462313738366661396164376563396134633762663966
39646666326165623831336132353232363835613033306163376164663030373430303837306233
62643666396261333436306132636438313265666264363865613131393965373336623632373263
34333164383635343830346265386430393764356161343539383330366162326234316230646632
65376164313736396138636137373933643536313031363436343866366565666566323339396364
64646136623365643766346539633665616262376461343565383533663338396566373636323834
62633663646632326161666265386538396134666137393730346335303335646435333862386561
37343438353130363830643436623638666131636531613238373365623566303261633935643338
64366532366436376365376361633335343366636662393232643362346139313131643339313734
62356535303732393262346534633331636333313663316230656163373363363533346462623336
62613536346435373839316362366330306366346637636563303163313830363935316464623561
39343032626539393936393565363630306664316462353764313566636565616239636339663763
39323433303537333462396634336238396439646162363466643436646332663038313462336631
35663164333165303132663630616365353162353636326131303662383835363334376639636163
31383338356264616630313038653332386265356166306532653435616232623233353935383132
61393066373932353964653038633530626362353432343438363765653938633736366539646332
34663430613036383361326166393464396263373664326132383531356237333233643037363464
37383339633933376632643232366635653963306566373336303432396636336534666261636566
30623730386238643766386563363161333862313936643861393266373664636234323466316531
34323334666163663533303432646334386235373034613532393361303539613232623231646531
64306431636261313131393761353833663661313839653065643866396137363931323461353839
62636238623637366164663464646630653365303263646438663437343230353964636461643430
65643330346137323131666663633064326164303139393035613036323762396631313666366332
61316266373436333736353863343262356462653564333431353865643332306336616365303638
31323836666438633234656237636133623361343064666566633635663434663235666663373335
63333935333565366535343938353934326665373862633839343534313661343637663239666337
34343364323138383632636631336230336637393161393362636131323064393834356663313463
32313734383164323932373761613734633037636366333462663666346233393533346561396666
31353433316538326462643566376239616463626530353665663564323230646231346634626430
36663464303230343538656636313836643765316135343862313234323331376230633834393232
30613239613330333630666335663133616337653630653665613261653861656561303362373661
63353830666466616266306662633364313937316534653837636131326565353734316233383632
62653435383439636566346162346530303730633761313165616639393666313532643835333665
30333131373330373337393733376161323531393335653738373134623361323932663035356630
39653831633961383566393733333536323137326636316462313037343961343034353935323131
35306161646636653364356234343562333936653861653732656432346633623230363936306565
3530366466303230636431386337383062333133366432333565
