$ANSIBLE_VAULT;1.1;AES256
33643737653131313165633531303863333465343464386435346165373136356435633336303164
6131353231303634366238303934363565343066623537370a613539336532363065306163613236
39613832613432303130373464346539613935363762306461643538623431346339323262383137
6438636536313336300a653232323639303532373630326130383265366264633765386631633233
66396334383064373031383631313762306233333736613765663261656162383336383364666639
35386535663462623264656437303963303264643437333839393531623334663834303933666434
63616335363733356365353637653664623637386631393138306131626335323665643464653763
39616463643231353165363432303434363730326161376531373964663935396134396564386163
37383432383134373130636166363663616366383362666438353339363933663030376565633031
36313932643365376163393935646532386637386539306331323236613664383261633664623966
64633033623431343339366439306665643134396435366664343761343361656433626335336265
62336437623832393735663839383965333437623034326632616433323935346636643838643064
33313830393537303630313861303439383066666639626433373430643338616236316261643462
62383962393165343336313834646234333262336563663566383961396537633534613638636235
65663938386330653339306533353739393633383661663235353263663866343530306535633462
31393961383432613563653131393465336562643337356630333734363430306436626330353064
65666566303232343465316366623631623765396536396361653461643732306566646561663237
33313462353931636436316135306536336232356163613237666439383935346130313563643330
39333338373439613431393632376665333638633833656335376537356432313531326238353266
63366365393664313935376130646365366463656334643864326438623535636231383632666239
35353163373162333930333661326465376466633530613037316339303732376465336636616333
38393838323737313137353861653636323461356162363336336134666130616161306663323865
61326465343562353761313565646363306634346139376235333036336639326639363837653539
30633561363830313363656533653362316336666635313230306139336338363465633037323632
38663232313436383866663534383435643661363263316164643237656439306465
