$ANSIBLE_VAULT;1.1;AES256
31623465326263643239653063383866633535613837313337613965363239363830656139333634
3935633130393662346534346463646538326338323761320a386339333130373664326562323835
30346163333336623230633433363437373036313636306565363434323532633865643565303937
3239353363353139340a353765383263616439636637353965636534616661363036386461393064
37633635393437366236643936333437643331643630616336363036626163373939643562346231
39303063326264383366346339323661386434393430666333326535356630363363363132366463
32613863366561353563356439656337646535396361633136626235623131313437346164643966
39616234326535373966646530646465643532326664633663323165393537333666323732616538
35373936373063636134373338336232353766666463663038336132356562633836316263323638
66636364396237353434333165623336323836633133316664306165336466326366616663396532
65393934336130336464393033353363633266666339653563636366333231333836313136333234
32623331323664666334656136373430316530383035313837643963353438613063376666653335
65383030366565663230356161393434396461333466373965623265356131353566326531323935
32306538326465363439613630663361303335653034316338613666373339656231643464356631
61663536353063316235373762393666333662326466343761616139323261313534353739646535
65636565656231373265356338316533656364306431313130383236366337666436383031633336
35663466353034323333646534383330366138326563316139636431353661643736356133613231
33313835316239623238313439373739333530623530346264646634306634363238343562623265
33393131303136353737626334383534623134313138393935666663356335663736623465393462
35306365623530383635333436663764366533383265306431616261383164663061633538313539
32633835393733613233646332303134663266353531366139323161303366346435643236396337
62643336306332663336363961336238626537663862396565396163366164626530653930366532
33313932303134333530303834666334383964666263613338343534343031353937343066666236
32356436303062396630
