$ANSIBLE_VAULT;1.1;AES256
36353731616531656434376538306339373134333830656562323837653262336662656633333930
6262343666663664336366643433346265333562363261640a333038663861653939383961353739
34383264363962663339353936323334396665616333656230636133643663343538663530363639
6162346630326662620a346136313234623238646664323432333866336537363662373635346330
34323435343465633230313635373465373733653837643337383634373837366334396537356239
35303732653038363865363339383331353763643966386638373765656231356139336262636630
62333137383630303337343139303961653363363632333333363362373431633564376139656261
39643536396236653163633736313263383631643937326235356136633433373434373035386464
33343332613461313065643437623132643939383933666135383935363164653365303137663939
38336664303963613233613937663165393162333338333138336332333537353538663134656133
32666336623439393938303238336434633439386563323139663563353533306135366132643030
35643864616237396561626432386530346539356130306165346361633763303566656531653165
33396137666330643031316163366536353631613461613165626539313938326464626631636637
31353333396134643038356165663238623531353736373964303765343935633866306261626635
35633461633937666165323365336136333837323866666264653338343836316438363836646337
35623862656462326664626664333637336165666233613830356335373062313031336433313131
65383235373366626231323263363764656565306239653764353666393130353637636134643837
64663734636632323433343432393030383062386564616133353761396565653766393932633831
37646236316439613465356265623334653937373331346565376339353930363565333966643631
31626663643461653563616132396236343536386339656337663739333539626538326638336462
33313634343736303536376236336134393830353431336130653934626638386334366164623731
32393765356466613965313561663136343939363338643161643965663139386465373234613633
36343535653666366638326639343564623938373037613466636363333735366563383564633136
39353561353036636535
