$ANSIBLE_VAULT;1.1;AES256
37633239623332353638386539666163653561653265613633626664643334623762343030356430
3563633234363933643161653233313932636130653264320a306361616137643337383030386239
37623463313337353264363730613835653139326236643234663463313065636164333532343164
6131326661323337360a653935646236636339323739303437656636663438366562353865373239
63323032373730353661356238333862333833653465656237636664656165636566376238313165
31336135396539363732653838623432363438313935373762366562653461376131333365386132
65633861316434643933353633626339353735346162356434623832393066663730623838323165
32636534643539613365316566353634366437306139353761623139366333653330666130363332
35393365363564373538376236373063313730343462373837633236396235343736653666306366
36363162333964656635366564633832646431313739323665396636643065326566363363373266
36643462353139306534343531653136363938646230653137376363386334633164396661376631
63303662363533303863366135613631303137633765383061396562626138623138663161393038
38343031353462336163656164623337373364646236656137343361656631623963383965623562
32366637653536653130373731343161353633333666323034336631373061656566666337376638
61383833313333383336663730336535633032333837363036383532643634373130623235303036
38393230346663656335346461366231376239366230636565643935663930633433613263613461
36316532623863393361646130386564303537666365616230316165383935663465396335613630
62316365326632336533346664313264623033336231356537306563613165303930336462653733
32646338343262633235373338303063373565366238353236623861626532396632613234353566
63623662616165376232353836306464616138396636366562623236666336333438663762666134
36323331376166333763356635373764663736646462356230333537376139616666613932373363
62313631323737386564323137363262353761336566666632366433666533373735363736376663
35373638623865316263316163363364316563303966383363393634326437326239396330653337
31623133663235393334
