$ANSIBLE_VAULT;1.1;AES256
38316336323365646430343961383633356333623338366534633238386334656135316333306161
3739343062323366363933396364373934663236663133660a643063623531623834363533333461
33323233303061353063633061643732653864613338623039656666643463623465306633653537
6532623065663839310a333361303862366263653235643034366337393063313434356632633561
35393832346634333166306634346538663733313034373066613533623938393639396461313631
61323234663037336239666532623665343134323063643464613566613365656438616430326134
36623436666337643666366464313735306464373134363634313963626530366635623132653034
66653865393235363237643138333733353031386534303537363363653830363932626638353662
61346366633536653262666434663831616634623763343432313431353535393063303465383762
31363831613330336164343234393561396566643330356635653663653863636436376661383832
64363536633630383535363364633737393162623230623761303864393932313365343435396561
65633532353136613662663463396630613736333732373062366534396166383838343666633164
36623735386264333034393135383236336263623136326434663464333166336233653563396239
64663765316639393936326665333065623233636366623839343866393833626434373364626365
32666433616536633464363138316336366239383934393434366664373365393163396132663330
31346431333265656237396336633736656565316230626239323935643930663839353462643237
61643534353262616465646237663364636561333336376532666534396137663365333065303431
30343163643836616534666230366566373731613261346265366338623961653235343232626639
64396265363365386430363162613037313161303032343438373439636466383238316436386563
36666363653265373936623938333562313630353162306239313931343236333733643463383163
30633665633436313532653965623332313965343063326635363661666436653337616534303865
65343464333064636437383138656632616465373665323132336461613465343934393338663739
32343565663763313939353536393065353639326431653635303866386439656666653237346630
66396236646663353736386337303266353764616639373039383162613832666331363432313232
32656332366464363931393163326535623863663163316265663538396639373966316637306537
62373464373166653437333839656533336262383463393630326562633264363339373861336538
30353066383066333732623730316539306135653832353362616435613964373730623539306239
35656164393265353730613335383232333437313630646538363633646239323264353837643964
30333335393134613261346639326532316139353630356133396464636336363636323161326533
66623165616637373563633336616537666666343032666534626236383364656538343230373438
30666337383661653432353135623461636234373530346639633030333837653165373633356239
66356137633930346365313738666564616535326635323433343366313234613664383232316165
31326237623866383338613963633361316231613764643930306439613730643239306364323837
32376438623063353266346232383735666530386134356530643636353262373535663738623331
65643639343835633137353737363431353833623837323564353865306136666230366661313830
64366166613734393565303132363564306663396266643337346431653630373338333836316634
65626335373939386164333930623932623735303865633562653636663235376230306632633930
62353662396335636538313839313133336564656231346233363837303865393238666436623564
31643239623565356632346561393631666130393533343632386432666131646365656462333735
33323631633131613564643732633338313665363937383433353966623364626538326264663130
61356264376561376266653830396537623238323037303039373861663635393764623139376164
38643265643035656134623733633961393464366134346130393765363835373939333837346137
61393735343833636562643134333165613662393264663566613365363539356634363136376662
62393662316435633839633435626638313166616534376337633262373434373734303366376262
32663634326238346339333565363737366166616530313066663161613162323263653166613238
62613338386435303733626138383036623961616537306635396231646433383037633038653133
66643335616632313735346638333961376331373931343237356666636664386630346139643235
31316666316539653333636232366433643439363534373561343362383632643266353837313030
33386562633839636461313361376661633835303037313862303335666336643039313030323839
31313135353139653930396133326133646164663163393436346566663764396462616161663930
34373764313430313966303735316366386331646439313566326230313132373664323732313231
30303932636636346562633666613662646136353935353962623965636565613730656131626431
61373166316536373566316434646630386464386236343262313531373439386232343338393737
30303337393236646437653633646665356531303333633765303863396631626638643264323765
32353734313735356532643865653433636164336239646438636233623162353265663037353031
38643763336233386432343535376534393135643033626138633431383338393838393566303237
30623932396566636666623833336362633433636263356166613932653062626235623761393661
61386564306139646466623034383034623162623766656433363661646534373665373066326230
33623435383163353734326166393238313938383536343238313766366537323465373362653834
35303766356361616266613864633063396433333032303337326230643739333039653161326339
64303939303132326139663066346165633631623131353133313530653361306564366138613931
39663735663764396366663866646466626633323139316565656632623563396232643139396665
62303135353338623935613531373837626533636331363338393762373236326266336161653563
33343430613861396339616138643533616437653364613634353566343365666461373731313833
38393461666562373761343334346666333136306631386236353338396666616333616662393566
63386665383839343962663137363832323736316536306365316562653262623931663834346638
31373233366138356339306337373463386339353564346166303066653965613264653964633134
64633033333265396630356537646438636435393461343033326132623835363132343434313332
61623532376232646232363962353937303132306164616139623435656163393938353864643432
32653235393433323037353037303965623333613064616439303837386334623666303136356335
63333561333039333764346338633439633962646231396461383961363038313638656137383631
39626361353334653636396634626262303065623663383631393938363836663466373239623437
35323463313433653731663237616666613938316139353930376135363766313137326562373130
34333934316237643639313464613334663436373635323565386139653062306133336339633733
31626233643534623631626562303539666561383432393834363838373165326335383936643137
39363061666463626666376435343934396265373334313465353566646437646432396564346435
35633036653634653565656136633231646265386466363636376263373338626236373534633634
37326131643332653831313435386264323138383862643636373461366166653364396164343938
37333264626461316362326537363861663133363563313233376636333236376136613866636164
34633332636263633731623438666264393035386265666537326633343134636637376439383138
65353935356465356336653934336661663163326162353935346633383235633636323330656566
30356139623563653363623163303234333238346130313965386331663035613530323639646436
65663564366565313137353838336331663865346139336539623232633438366362343336636330
61386533373034343532623331386439623136306535346335336230356635633434306364316464
61336339333766303239646132373162366538623639646461313464303832626130636264376333
32626662313939663433313239313436333132303235313435336532363764363239663030363033
62636637326362343739306536653330363936346634366335376139643362363232643936323332
66393932313032313536
